# Question in chat

fs <- 250000000000
Ts <- 1/fs

delay <- 4*10^-12

fraction <- delay/Ts

